,scaled_tetra,tetra-like,rotated_tetra,cube-like_2,oct-like,tetra,dod-like,cube-like_1,oct,dod,cube,n_nodes
scaled_tetra,1.0,0.412,0.998,-0.276,0.71,0.998,0.487,0.711,0.832,0.744,0.982,4
tetra-like,0.412,1.0,0.366,0.669,0.917,0.366,0.946,0.921,0.829,0.848,0.561,12
rotated_tetra,0.998,0.366,1.0,-0.315,0.672,1.0,0.449,0.676,0.802,0.716,0.972,4
cube-like_2,-0.276,0.669,-0.315,1.0,0.37,-0.315,0.689,0.426,0.232,0.413,-0.104,16
oct-like,0.71,0.917,0.672,0.37,1.0,0.672,0.884,0.972,0.977,0.909,0.811,8
tetra,0.998,0.366,1.0,-0.315,0.672,1.0,0.449,0.676,0.802,0.716,0.972,4
dod-like,0.487,0.946,0.449,0.689,0.884,0.449,1.0,0.941,0.835,0.939,0.638,12
cube-like_1,0.711,0.921,0.676,0.426,0.972,0.676,0.941,1.0,0.954,0.972,0.827,10
oct,0.832,0.829,0.802,0.232,0.977,0.802,0.835,0.954,1.0,0.923,0.905,8
dod,0.744,0.848,0.716,0.413,0.909,0.716,0.939,0.972,0.923,1.0,0.854,12
cube,0.982,0.561,0.972,-0.104,0.811,0.972,0.638,0.827,0.905,0.854,1.0,6
n_nodes,4.0,12.0,4.0,16.0,8.0,4.0,12.0,10.0,8.0,12.0,6.0,0
