,scaled_tetra,tetra-like,rotated_tetra,cube-like_2,oct-like,tetra,dod-like,cube-like_1,oct,dod,cube,n_nodes
scaled_tetra,0.0,0.984,0.0,1.27,0.566,0.0,0.944,0.758,0.698,0.943,0.27,4
tetra-like,0.984,0.0,0.984,0.464,0.548,0.984,0.215,0.332,0.38,0.222,0.818,12
rotated_tetra,0.0,0.984,0.0,1.27,0.566,0.0,0.944,0.758,0.698,0.943,0.27,4
cube-like_2,1.27,0.464,1.27,0.0,0.887,1.27,0.415,0.666,0.74,0.414,1.12,16
oct-like,0.566,0.548,0.566,0.887,0.0,0.566,0.523,0.255,0.203,0.525,0.342,8
tetra,0.0,0.984,0.0,1.27,0.566,0.0,0.944,0.758,0.698,0.943,0.27,4
dod-like,0.944,0.215,0.944,0.415,0.523,0.944,0.0,0.292,0.376,0.02,0.774,12
cube-like_1,0.758,0.332,0.758,0.666,0.255,0.758,0.292,0.0,0.133,0.293,0.551,10
oct,0.698,0.38,0.698,0.74,0.203,0.698,0.376,0.133,0.0,0.376,0.491,8
dod,0.943,0.222,0.943,0.414,0.525,0.943,0.02,0.293,0.376,0.0,0.772,12
cube,0.27,0.818,0.27,1.12,0.342,0.27,0.774,0.551,0.491,0.772,0.0,6
n_nodes,4.0,12.0,4.0,16.0,8.0,4.0,12.0,10.0,8.0,12.0,6.0,0
